52
4934
844
1327
6528
5442
1457
2205
9012
5348
9601
163
8186
3379
1282
4816
5140
2641
9775
8346
4599
2732
4799
7550
4667
7567
7649
9899
9952
7422
9620
5022
8149
1502
6621
7498
2906
3127
1296
5106
7264
7670
4544
2320
9844
3263
3650
8539
8348
4946
2434
591
9231
9208
1100
8401
3980
124
8641
4603
5840
1068
1998
2409
3843
9969
9513
267
1113
3642
3647
7879
7932
7068
2705
7860
7241
4636
7444
5265
5228
5281
9845
249
6188
4027
3271
7001
8664
5040
6437
8406
3608
231
4665
1283
6014
7585
4633
6451
6537
6303
6771
6881
1908
5359
1325
2215
936
6208
4376
3444
8015
5407
6368
1706
7562
1180
6277
62
6222
658
7757
6460
7622
9555
5292
7360
5768
5596
9575
1584
2674
4950
1880
6891
7401
7325
8627
4913
5678
1076
7446
3857
2110
2405
4422
2312
7719
2369
7842
2029
1015
4177
3785
907
9702
1540
8305
8743
8082
4657
5734
5963
8033
3761
4985
2003
1864
3202
3885
9996
576
6280
5189
3268
1799
558
3702
9004
4694
6637
7379
939
9943
8514
8365
9681
1936
5523
3833
7350
4241
3105
463
7340
5611
3481
9793
7700
389
4216
140
790
9031
1686
2728
6716
4986
552
8913
1764
7905
8243
523
9167
337
8067
3659
4900
8984
5199
3362
1791
5257
2556
2577
5369
9776
1432
2176
3577
9364
1289
1356
6605
4674
9557
1060
7218
6380
8224
8035
5457
6357
7288
751
6332
3866
2699
2799
1567
6591
4086
3773
1043
2041
2149
5087
85
3133
3332
9206
1224
3882
256
3461
9103
2707
2335
1975
8128
9668
2174
882
900
5966
3124
7576
3698
8496
2075
7408
8399
2282
1848
4704
3469
5307
3867
2904
7488
1357
6100
1354
8613
5484
2080
384
6191
5427
3688
8785
1169
6784
3157
1861
9307
897
4925
4662
6372
5805
198
3045
7682
842
2498
5720
3829
9663
1093
9829
8808
247
4773
3471
8894
5724
2816
6852
5700
8823
6352
7517
7164
2237
9218
734
9050
9697
8956
2022
2354
7900
1087
9687
1858
6360
3340
5315
9858
415
6818
2804
3733
7268
4381
4491
4649
7809
2267
9410
1233
8105
4567
3960
3665
632
7392
4226
433
4753
4170
8540
2078
6787
6878
7413
8781
3331
4537
3891
9828
5438
7364
3790
8434
5677
6737
4568
9264
1088
6335
6546
9340
3503
7697
568
2250
4883
5747
1201
7694
8466
154
5305
997
4020
6805
2672
6700
4675
5564
809
6615
101
4717
630
4390
4459
7393
7081
4377
959
5148
5621
5946
1976
6861
4836
7831
1116
2935
9769
3154
2122
6574
1135
3701
8527
9586
8824
430
261
8954
2407
4417
6982
86
2890
9460
4559
8370
8663
2360
1396
6595
8166
1840
9865
5330
6192
6706
8800
286
6172
9223
7848
8901
932
8532
2334
8737
6074
3315
2121
5935
4635
3948
711
9282
5752
5758
8110
2105
6178
1343
9954
6755
8957
5319
3641
5838
8445
1992
370
3759
1632
6103
6590
4022
9688
5019
3610
5125
7204
5622
8528
1149
8488
4263
5085
8213
9233
8983
6907
9590
1836
6062
6880
5691
1250
7466
6221
3961
2838
3183
7239
3184
6786
1986
4643
7464
8993
3554
8797
9278
1187
7289
146
9477
3892
1636
1852
6855
2526
7004
8177
1575
5411
2854
917
6193
6377
2298
7316
2346
2185
509
2683
9092
8649
7110
3692
4749
3751
8008
2697
6740
8722
8492
3086
1151
904
3872
8572
3138
7665
3959
7684
6953
856
7625
4320
165
1281
1326
510
2929
8250
6667
3106
7601
2052
7504
6452
756
6202
5521
3801
8695
7059
3854
1041
3977
4494
7258
4745
1580
8998
8271
1973
2559
1497
7410
6539
563
6404
5288
1615
9407
4253
8932
2161
6622
285
5093
417
7994
2710
4854
7737
8464
7789
2647
1875
9762
8006
8846
7750
5262
4663
9346
9598
3167
8493
5479
9726
5599
5699
6338
3486
2936
6299
9154
2963
74
1694
4505
8294
6371
6276
6597
7795
6206
1259
6378
6566
892
6314
6446
2528
2961
3237
8518
7168
3964
3607
4217
9267
1839
7025
8489
4190
7603
7183
508
6077
361
4553
4944
9547
3836
1200
5244
8275
176
7229
6890
9081
9655
8267
1576
7337
61
2669
2491
293
8902
9847
1161
6948
1382
3399
6423
8258
5799
5904
9396
675
2914
8868
4248
322
2557
9122
1894
2138
6264
7411
7301
3939
2200
2199
1191
646
1918
3351
3140
9929
3756
2713
1246
8817
7066
8610
4257
8311
8778
3234
9711
7984
7123
3
7042
2132
7727
6589
149
8368
7421
3065
8268
8974
6675
1472
6165
4864
88
2313
7980
1000
3453
5924
4316
1535
6620
5563
2050
204
1573
5043
6242
2220
8775
5857
8018
9332
4310
6505
5711
8565
9822
5941
9182
7909
2134
3931
4726
2036
3412
836
5390
5441
8724
1548
7484
2273
7019
1107
2767
1929
3514
2370
7260
6255
7835
4927
7092
3925
4147
4447
1129
1363
1386
7988
8678
2092
1263
1312
9863
3853
919
6824
9860
2648
5304
7964
2254
1705
7855
5653
9533
9659
3657
9299
7854
7998
3195
308
4280
4348
8163
4365
5598
4809
1183
5350
5015
183
1650
2814
5083
9623
5892
5237
4046
5638
3945
9875
2611
6813
5641
294
3636
969
2501
6831
6779
2619
2133
9440
4889
2750
3712
3069
8788
1474
2152
6672
911
3727
8580
8384
8734
1416
6969
1320
4156
7429
8229
9133
8833
8409
4005
8517
4680
7546
6901
2141
8457
1846
6865
9365
7811
2023
9168
7843
4847
3117
8628
6413
9810
7199
8900
805
6954
5343
8560
6682
6689
9588
789
5107
7828
8131
1849
5925
4096
2295
818
1475
6553
8251
9574
4650
5858
9772
5263
2681
6233
1261
7748
5708
6008
7738
1691
5162
5755
5608
6887
5031
3473
906
9544
258
5562
2989
4233
3794
3807
8461
1127
9198
6322
9817
6801
7593
3881
295
3023
8864
7581
5793
4358
9053
3254
1586
7783
1506
7031
3600
3933
1647
8829
1887
2598
6993
2821
5681
2510
8624
3777
7135
4229
2492
2846
9615
4670
566
852
1193
3100
8326
3325
5803
5619
7804
5213
5498
4204
2966
7787
6428
4859
6680
4613
1249
8971
445
5954
1103
6809
6788
5763
8714
8119
9551
9805
4910
3235
6469
905
8622
4018
9442
6079
1109
5880
11
2168
8865
2053
4501
5287
9788
9700
38
113
6312
9033
2413
3359
3493
3020
8453
3043
2583
8696
3213
6663
7583
2865
5800
727
4724
2836
5881
9662
5585
6449
5426
2401
847
3802
3006
519
3115
9091
8555
1481
2236
7391
5273
890
8300
8477
2538
5061
9107
7962
3538
575
8692
1207
78
8991
7644
3744
6668
867
2593
5496
5819
9628
7091
5944
8220
3279
7599
2211
2772
9859
6879
2137
2817
4966
9758
3888
1961
6725
5824
8961
5923
8680
849
7934
6011
9721
3935
2356
6260
2744
7859
9784
1574
598
3327
5041
9583
4442
1784
9558
6640
9932
7713
2685
6091
7818
3696
9057
5616
1611
7252
358
6366
2150
4571
5302
9109
2741
9367
2091
5415
9151
1759
1557
7011
47
8841
583
1904
935
6639
1047
9041
1806
2591
723
4677
769
3700
1893
100
7465
9559
7367
3339
5417
6815
167
8498
2872
9636
7482
4034
9014
90
1293
5960
8256
8822
1657
1695
768
5240
9252
2604
189
623
589
6718
3229
859
5655
1595
3390
1301
6146
44
9936
749
1898
8804
4887
4056
4304
3433
3028
8056
4311
3426
6933
7609
2712
5453
5312
5229
6762
1845
3338
5210
477
1678
335
7923
7440
4813
1578
5683
2701
4403
3375
1297
9220
4812
684
5101
7197
4057
8278
119
9912
5494
9295
3995
7728
5291
4907
7109
403
217
6583
5894
9582
2723
2555
7040
97
2040
4868
2630
9934
1495
2589
6135
9064
5181
9061
3515
3509
8153
2376
1499
7354
1332
6439
2527
4769
4360
9813
9301
1863
6654
8989
6800
562
116
6560
3775
7929
1009
4466
5833
7486
6197
1732
3868
9254
6983
3265
5974
9517
1538
9230
3970
584
5334
7009
4035
2978
9269
7344
7178
7777
4187
277
1045
1684
2
8656
2212
1581
1671
1687
4105
820
4945
7134
7869
531
8308
4743
7958
7056
5276
444
8761
3430
8432
141
1277
5367
5490
1847
6253
9173
4938
8053
4492
8181
715
6343
1468
3779
208
9179
976
6313
3625
4246
8738
4930
1927
8388
8769
3108
7210
1902
39
3215
9713
6529
5525
6456
9102
883
9413
6808
1273
4871
8906
2505
1140
8602
3780
4948
5874
1768
7445
5278
1558
1440
5391
8011
8505
5431
5899
1972
3911
2054
7085
2394
3432
6796
3522
2423
6727
2781
8167
6454
9640
1025
6844
5709
4540
2458
1001
3534
7901
8742
1620
1243
2512
4254
7034
6837
1767
2670
586
8352
6995
9589
5509
1737
2563
9028
2098
4220
8935
302
6229
4700
9755
5325
332
9642
9612
6847
4602
4327
7041
2659
1571
1742
6658
1792
187
8635
77
5166
739
6186
8691
7145
3285
7680
6888
7736
4335
7669
9906
6541
2925
898
4575
8233
3089
1639
5139
9717
2421
7459
3993
3754
5167
7846
1758
353
8869
4716
8295
3186
6910
212
565
4706
3976
4591
6914
752
2441
5862
6056
7574
2727
5100
9153
3242
9383
5001
2562
9296
3804
8340
564
795
9908
9876
848
9708
25
7813
3809
5007
7661
1553
2291
5203
2100
3070
1257
4481
556
4317
8428
3682
8574
9991
4607
3135
4914
1235
9967
9879
5283
7005
1520
5200
8122
5421
9415
1384
2245
2292
9610
7002
1016
1331
3079
3689
6039
3123
9185
9476
5776
7742
7652
3071
2147
7487
1710
4691
7610
4728
2347
9923
3424
4264
2860
3141
8474
7660
6170
8134
665
8699
8601
7948
1241
5628
4933
8588
1385
4397
944
9506
8818
7286
7999
5236
242
2827
9853
6909
7699
4223
1360
2359
7753
4391
4994
4973
662
6750
3528
1178
4758
6115
3545
5477
6071
8318
650
3895
1329
2424
7463
7084
4349
2937
468
3388
2910
9684
6195
742
6571
4695
8291
8576
2404
9737
4444
2521
1938
8862
6726
6336
4120
2045
629
3034
1020
6997
3831
2204
6838
2590
2571
365
7351
4648
6016
9181
9808
2249
6329
105
8441
966
3120
9274
2758
6028
4232
8208
8073
2830
2687
1813
1355
2429
8681
1014
3488
7363
7003
1602
4406
8650
5321
6576
3987
3425
9450
185
585
9417
5422
4530
8463
3949
6843
2471
3209
7711
9076
9543
5837
5811
9204
8667
5931
7514
7511
6512
5226
8723
9746
6248
1317
2362
832
360
4362
6254
7276
4240
9767
1084
8284
8272
2694
4134
2952
7642
3037
6709
923
6869
6894
5357
1554
6093
7588
4822
161
1698
3618
5086
6841
5854
8403
4637
3218
989
346
8690
4683
5661
5362
245
9398
7497
3535
9360
2093
5365
5434
7435
20
1789
2614
235
2939
2337
4876
7113
3718
5252
2637
1044
1106
7770
6448
3015
5696
4632
4042
1408
3041
1305
5844
6009
6649
804
2015
3593
4100
2454
8892
4512
4030
7492
1049
3025
4977
379
3542
6132
3792
3769
7534
3523
2056
4549
2807
3269
9211
7107
1750
3342
369
1724
2114
1319
6150
4988
7136
7521
6867
8052
6020
785
2447
1145
3164
3946
2873
547
9147
5218
681
3572
7480
2801
6069
2668
8007
2419
1147
4146
1391
7104
1300
770
6734
3307
8529
5055
6037
1964
5571
15
3295
8396
1210
3616
1593
7067
5996
1777
3449
4420
4869
7671
8178
2734
9497
9502
9658
9375
5690
3952
8164
4844
3994
3179
3439
9494
4688
5386
465
5684
3760
8106
929
1920
5560
6833
9009
2552
4763
1383
8676
4886
3088
5204
8142
5775
2911
9561
5290
5565
673
8791
5830
329
3019
2841
2544
6863
3586
5178
8249
9868
3749
2493
3291
5624
5428
4620
3723
9648
92
1485
7539
5338
8697
9189
5470
1825
8016
1675
4211
7553
2569
4531
8640
79
5945
8874
5516
9731
834
9867
7399
9911
4441
6613
9971
5953
7751
7947
3806
1478
8600
4291
3839
3452
9651
3175
3711
4534
3706
9289
6419
1653
9328
4032
5705
4992
1404
4159
3903
2739
6482
1703
7494
7406
3656
3624
8988
7690
1913
9324
7133
3113
855
6849
2412
2531
2944
6445
2324
5847
3984
1023
7631
8124
4720
8672
5266
7278
9639
7615
8929
9174
2877
3052
9902
7
4951
4776
8587
3521
4979
4323
5160
4067
7483
4861
6114
9432
5992
3546
2655
3934
6010
6184
8547
8084
539
9089
8276
4113
615
3930
9285
9024
173
4093
4353
6173
5384
8452
590
4373
3038
5293
4340
3856
7868
6421
4429
1496
7244
2343
3584
8446
7922
7995
7628
8814
3728
1721
4625
8130
7082
8744
8789
6174
7764
3465
6339
2433
7153
4143
5831
3438
1822
2932
1965
4196
5472
3817
3356
6468
5174
1152
4088
4059
9665
9362
137
9646
2692
8877
6218
7975
1957
1818
8809
7321
9827
8100
9279
3363
2484
8767
4474
553
72
1465
9749
4123
7568
8799
8140
7724
4608
9303
2661
1879
102
6226
712
4713
4699
4772
9165
5958
1782
1919
1459
7436
5037
3622
2106
1164
9294
7673
8013
2234
9150
578
454
7449
4394
1940
7473
513
3031
2534
4671
2059
4332
4838
3658
3582
1376
4297
4267
6019
4493
1746
2104
6177
8642
110
4518
4116
7433
65
9701
378
4807
9152
945
6187
8254
9366
6872
9054
2883
3149
321
5284
6138
6913
8506
278
7405
4167
9896
8157
8687
5959
537
8546
6962
2793
1316
8001
609
3304
8898
5989
3784
4467
4078
8834
7294
7678
7065
5078
273
7561
4634
3401
7202
9921
7388
7233
7215
2567
3111
5687
1569
4008
4295
7866
903
5694
6669
7409
8285
405
4260
5868
9022
7778
2428
1318
6661
7447
4995
3498
4108
8425
159
1288
2115
4457
1039
7630
7598
1467
6540
9359
6435
1231
1963
1925
1269
7533
4941
2017
7015
6102
2917
7181
4141
5437
7077
668
9376
4693
5643
7675
8819
9177
4595
1966
2897
4002
4063
4902
8040
663
4352
8660
8055
6961
279
6200
7313
7030
9930
6194
7837
4684
3373
2210
5795
1735
3835
4659
1587
9001
6295
4972
4464
1670
398
2733
1511
6130
1493
4826
6059
2119
7755
6617
2579
8739
7387
8479
9842
453
3920
7639
8838
147
2327
746
2880
9661
5848
3768
2389
2058
7896
1664
2276
3372
2837
1400
8652
6912
9312
5462
311
2099
5511
7513
2024
6596
3076
1002
2595
6994
9714
9568
8703
2919
3136
1230
1625
7759
6949
7874
7385
2420
6211
1208
4173
4028
451
6038
1322
8871
7902
1218
8848
2918
4387
7677
7801
7823
6977
5947
787
4701
4089
5825
9171
2675
5146
7688
3828
9
6535
1053
1697
1215
7137
8940
2850
2107
5378
5533
4043
54
8960
3536
5614
8860
8030
1945
3762
3165
6694
284
9203
2895
689
3042
4114
1267
5353
2975
8924
5127
7223
8516
6400
46
8850
4640
2735
5379
2950
7162
6760
5153
354
7284
2342
9140
7714
5829
1700
7500
2686
2530
8923
8563
3455
2277
3873
7476
2439
2476
6405
5114
2323
2171
8912
6048
6283
5149
7017
3904
5898
498
772
9149
6243
8041
4846
255
6041
1797
2780
796
5527
9735
58
9548
4242
4811
1680
8502
4962
3643
3480
8666
5765
8392
1795
1399
1054
2226
2592
840
5999
2165
7505
5034
1304
31
3623
6696
3507
764
2163
1870
2069
2028
5289
439
3219
9987
6162
7069
8730
9481
4318
4539
6234
7987
7400
9745
5733
8669
4709
4191
8332
6827
1968
45
745
9909
1549
5718
4192
2862
9021
3458
1458
7967
1489
4050
5630
290
391
9527
6664
7213
8400
4070
8429
7471
6854
1738
1377
2770
4600
9647
4306
676
9562
8549
4830
6227
8726
6960
9160
4054
301
7986
7018
5990
5841
7326
1662
6701
5878
205
108
2529
1837
333
5950
2097
9698
6769
4833
8426
6619
3699
4560
3102
1309
407
6774
9674
4526
1559
4978
2109
7194
6547
7448
7925
8279
1638
9730
3253
8976
7554
5084
7793
6144
7772
219
7089
5103
9126
2483
567
282
7188
4627
782
6232
7414
2390
9287
3239
1517
2374
7263
4666
9047
9355
4290
5212
4722
8671
9290
4860
9253
4955
1390
6027
9000
5094
4219
884
5130
1244
1874
1932
2159
1222
4939
5695
2486
7856
6917
8146
4516
5922
458
7205
1092
5082
3201
2230
9703
1524
9387
2336
5104
485
9897
4672
8333
7978
799
1987
8844
1990
9705
7547
7078
2113
5820
9273
6271
9325
281
5524
4181
4066
3077
342
7931
8878
9006
1926
3130
3708
2263
3869
602
4401
696
9106
1627
4884
3211
8087
4301
4788
1346
291
2181
1801
5787
8597
7303
171
5553
6462
4231
9890
2916
2436
2993
9293
8481
2923
8595
5650
3027
4610
617
2084
240
3082
1010
866
4299
5507
127
8398
2457
1646
2922
7169
2238
9431
7460
7785
1802
532
3693
4255
3456
7076
4832
5182
8269
4068
0
5201
1170
9671
419
7907
5901
9958
5064
2622
6431
1173
6410
3957
8854
49
2351
4604
4803
5138
1946
7559
9277
3772
7108
1150
7037
184
4250
6758
3181
5383
9219
7489
8043
5183
7036
6375
9421
7302
9384
7577
2469
1544
8301
9077
3418
7394
7587
9766
4885
7324
9459
7053
2649
8020
3673
1855
9193
2700
254
1565
3250
967
4839
5187
8180
8943
8880
3675
4174
3335
8915
4135
8550
9046
178
816
3462
3736
5978
1631
7873
996
9654
6704
1270
7847
561
2271
1561
5969
2773
5440
9525
103
5154
643
3628
3826
5942
3555
994
8886
2306
4160
9880
9961
55
8727
1381
6305
4126
8257
635
8888
3530
1933
9605
1428
6179
664
3670
6699
909
6757
6381
1361
9416
5065
7052
6467
4581
7725
9995
7551
306
7676
7165
5375
2915
6811
6631
8293
7926
3653
901
6999
2219
9719
8034
1254
6304
3730
4117
4858
4578
2546
3180
7945
5606
1551
520
5703
2202
4545
6989
3257
2539
9425
693
7881
5861
4605
862
5756
3726
5108
3280
881
1079
3914
4984
8963
779
7608
4402
8554
3527
9370
7124
3214
8520
5429
685
5927
5260
4583
93
4094
4638
4202
5887
2044
4517
9135
3621
9170
5285
5328
1484
1450
8362
5446
6974
3454
9316
8499
7262
8188
6957
9048
6582
8782
9351
7570
3986
7156
3446
7341
9093
8198
6507
9305
2719
227
2650
4991
7538
4970
4658
5308
6386
822
6862
5739
597
4271
5750
8718
6652
2798
1234
503
2049
4787
8226
3297
1105
3694
5042
9447
1655
5662
9556
4305
7358
1814
3286
297
2300
2242
3414
4228
4896
7259
8014
6627
1389
3812
9783
1108
1348
5979
4319
7760
2789
390
5404
4109
2717
4489
2062
2463
891
7756
3139
6044
8618
7867
331
4292
5049
9427
9609
2972
2325
616
7979
6382
8287
7257
7668
6084
3032
8706
7641
5890
7269
6384
6213
5413
1604
2072
4791
2348
3068
554
9554
3645
502
846
5282
9862
3290
1403
7838
5026
7816
8062
1276
4239
7509
53
3395
8211
9262
2030
4557
345
7407
8391
5347
6523
6807
1532
765
7043
4036
7357
6047
4137
5707
42
688
8297
4152
2779
9830
5873
9161
1754
5594
6046
1521
1226
6722
1810
3301
5866
218
724
402
2875
9386
6720
8395
2626
2289
743
2148
1996
7784
7685
9043
4714
7718
377
6169
4965
7072
7458
6697
4782
2136
304
1306
7951
357
4428
228
7886
777
3081
2843
4601
7876
5152
8322
8264
491
9060
3877
7579
6263
2042
9067
5781
4129
4122
7942
300
1785
6267
3916
8002
2881
6265
1498
6123
4668
2201
3312
7144
7723
5514
4049
8704
1888
4520
811
6674
3383
763
5091
894
607
1124
4333
3990
196
3197
8558
5911
8604
1709
5512
6610
4138
6866
1412
1539
4303
5952
3838
8191
344
1120
791
6634
4547
4905
8599
3477
641
1351
9874
351
6289
773
1008
1811
5155
1373
4140
5542
9329
8282
9950
339
1585
1834
7626
1598
5110
5098
5710
4499
1130
2379
1514
89
3824
6118
2507
4628
3411
269
2908
7537
5919
59
9487
401
3306
5817
3232
7454
4155
2506
1032
7541
2940
3543
9981
7917
3003
1877
2704
4890
1294
5604
500
9660
2805
4999
1740
3284
1967
3039
375
2490
6636
1911
2216
3457
1942
5074
2748
4213
7528
4842
9632
2466
8512
1057
5471
8313
2631
3991
7013
9310
7563
5193
9893
8476
2777
3492
5309
1519
2893
987
6087
1464
2247
30
5850
8965
8593
9910
3898
5371
4715
1202
1889
4410
5447
671
3030
2195
6873
1075
9409
6141
8798
6061
2065
645
3463
7959
5637
7361
4840
5792
9034
1448
7950
4573
3489
4828
3048
170
5195
7983
9742
1912
9347
4775
4552
5541
5519
1995
3226
9529
851
8156
888
767
1748
1651
1251
5907
4641
5916
7292
3350
6775
1689
4721
7536
3012
6749
4343
3814
1603
4698
2640
3494
3901
2615
6155
4796
8327
4071
925
1272
4193
8442
6250
5136
4723
7839
9256
5018
480
7434
7503
7935
815
7086
5163
2864
5975
3243
7477
1743
9080
5812
4090
3464
9400
115
8826
268
4044
7889
7455
9369
7708
7055
4768
7349
4611
2625
648
1487
6568
708
9800
7121
84
7186
5712
3224
8897
8668
6261
75
2329
7564
6578
7836
1755
2275
8458
6942
9666
9145
720
9521
7519
9156
6604
8930
4383
3639
2076
5488
6496
3478
2380
9986
6952
879
1444
6979
7485
3942
1809
3002
3330
4321
7491
5783
3796
4522
4051
1824
188
7937
7214
1128
4590
2609
5246
5274
6422
5732
6480
8133
2983
8386
6785
8360
169
8786
2387
9997
4445
4574
1731
6262
2046
9798
4418
8713
8659
4427
7230
6204
8303
9587
1
6479
5698
9412
2755
5666
7426
8
8385
1253
6033
1033
7035
3499
8905
8521
9919
971
2596
571
2610
6751
759
4504
4810
4454
8928
7468
6018
1077
4514
476
2725
95
2868
3819
3299
8317
9724
9496
9155
2869
5216
4247
6984
3821
191
4188
2321
421
1188
3189
190
456
2731
1952
5499
6744
3095
3714
3249
8636
6561
3013
3707
6842
6884
880
1238
314
9744
7629
5686
8107
9428
754
1896
2079
7887
492
3354
3308
9172
4738
1156
1335
7216
4639
5572
1829
3241
1794
5314
9682
213
6249
8159
1275
8075
628
1258
8689
7312
6551
3517
4478
8270
5576
1409
3889
8380
8372
3156
8029
8899
6198
610
7822
7825
3128
858
2624
5976
8922
9983
5600
5558
5995
9634
3204
6554
2411
6968
831
8811
7976
1212
7679
8323
4158
1692
9768
2863
7000
7898
639
9098
560
259
6747
6012
9082
1867
1690
6930
7130
7802
7309
8702
7248
8216
7293
5879
661
8863
5517
8855
5726
181
2785
3085
896
9944
9872
4484
3596
1688
8996
3516
6238
8584
7479
5345
6085
873
4783
4069
9419
7132
1011
7865
1038
6285
1198
5589
9695
6223
3997
7955
8757
1588
6420
8986
6461
9536
4687
9656
7664
5522
4794
6840
6157
3669
436
8118
6015
9363
7380
6938
9265
4269
9963
9777
6820
2487
8645
1036
404
7522
5827
1131
8566
5912
2572
3174
6425
7131
4515
3540
1643
7870
3661
6980
7656
2371
3289
9823
6903
5538
5659
7747
1900
8985
1353
338
8092
3981
6345
8450
3548
7311
2035
7101
3142
2831
3820
5238
3951
582
6129
1462
2613
5352
8644
5168
9499
6036
3294
3609
8193
6782
7849
9878
9423
6081
2426
6607
3344
7266
8590
9464
7744
5432
4894
3144
5456
5550
2034
19
7147
7383
5116
7054
6600
555
8647
6885
9709
3146
3011
7797
8651
6919
6278
3497
1605
7093
947
3483
2386
6149
2246
9063
8756
2973
4083
6342
8058
4458
122
6531
3604
8003
2981
8306
7352
6586
4660
1978
6443
7366
4012
1685
6594
3298
2519
9281
9354
1018
461
299
9553
2984
7965
1883
9962
8774
2852
4244
4741
6935
6369
2671
4037
1546
3529
2166
6724
8933
7808
8630
3947
8792
5006
7285
4922
4857
7971
5363
8299
9515
243
600
3958
7941
9086
4817
843
8980
8302
3537
3168
2393
4730
8239
3116
2089
2776
8115
1533
2451
7540
8071
6781
3036
8423
5810
5753
2765
1365
6325
1413
5745
4334
3576
7232
8363
9849
4891
8639
3223
7582
8366
7237
9638
9451
9732
5165
7525
6937
6538
7880
1890
7126
8583
1702
7792
4916
5956
1171
2518
6761
8972
6552
3256
6268
5548
1466
2345
4732
1447
5224
234
3075
4176
5779
766
4009
8675
2285
6987
837
6110
4013
8764
210
2016
1242
3260
2901
4214
7220
2769
3737
9300
8097
4915
3413
1211
8074
3423
9394
5298
5111
7170
7395
3858
2782
7691
7175
9291
6089
5842
8582
8357
6673
7315
2316
5646
755
8709
9039
4480
551
4007
8531
3526
8741
499
7438
2144
3886
6708
926
6139
5580
7420
5673
2815
1796
9603
4770
8725
2962
9650
4703
2638
985
1601
8813
803
7176
2587
8832
3776
8139
4380
8194
3585
1621
8981
4707
7681
4849
1461
1527
1411
1969
9627
9689
2417
222
1286
6743
8161
5774
3800
9025
2294
8032
3270
2522
323
4642
5358
9056
5504
4375
1868
4502
5038
1843
7606
8170
7918
8755
2349
8559
3845
4273
8504
4729
9213
3928
168
6064
5300
8812
3198
2186
8538
1081
9288
786
8719
9569
1292
3084
8162
6109
6736
937
4617
1619
1672
1050
5258
931
7355
4503
5327
8485
5851
3051
753
250
8805
1371
6051
3771
7799
9957
2125
8054
5389
5785
438
4615
3992
6573
2117
4845
3684
3046
9458
5773
8472
6099
8975
8693
1435
2391
6955
6488
8455
5570
8749
2930
680
1608
3275
1513
970
2013
1566
262
6052
8759
6293
7308
494
5024
2368
3697
1851
8281
9493
5801
1206
8420
9913
3710
6739
392
4153
8951
447
725
9791
3757
4284
9725
505
9581
8469
1752
8031
3007
1623
8828
3057
2976
3588
1375
9119
471
5268
5023
9377
5809
1821
3199
8914
136
5790
28
9594
1121
7098
9157
3732
7378
3844
1303
91
6292
4249
7297
203
5769
2251
5248
8535
2698
6310
506
4651
6319
233
9618
916
9495
8280
1114
5737
7474
8763
9956
4017
5394
2189
9055
2278
5754
7841
3090
4582
7703
927
5012
9002
5882
7022
3487
1065
9090
3064
4920
3470
6231
1816
543
8657
5559
5280
4208
6587
9297
9503
1027
7894
948
7166
7624
9973
4596
1007
4245
8969
2745
6090
2633
9563
5738
2678
4272
2956
9824
9345
3630
515
6355
3074
422
4679
9148
1219
5222
2502
2244
5185
4958
2038
5469
8123
7375
4587
7090
3066
5813
6396
3107
2464
7329
1342
9508
9283
4646
9869
7373
7821
2676
4766
2997
9489
1679
2905
9861
5798
6550
1712
3062
68
5021
3169
6190
2784
1418
2438
2606
6395
2082
9907
2803
9020
6058
4997
9342
2462
2646
8347
7560
4967
3187
6161
9982
5072
9887
246
4314
5177
8195
4488
9141
9832
5845
1490
1991
2198
6224
5301
1642
4082
1024
8176
6464
1563
1463
8507
4690
4436
341
6499
8592
7693
3367
7815
3320
2878
9653
1899
8451
7529
7119
6892
393
490
606
4131
7921
4606
7695
3321
5192
2008
3722
2071
2954
5059
2164
4622
1006
3745
8009
9326
9743
1287
2243
1155
3606
8760
9478
6990
6956
592
5235
7070
8079
5871
1800
4734
6731
6492
5412
3416
2861
956
3808
4917
2363
2656
8410
9443
8359
7080
7105
6814
4324
5079
4752
5897
1983
4931
3552
179
1471
7640
5713
1510
3112
6766
6527
408
1882
7596
7939
6030
7146
3371
3778
2934
2173
8402
8581
5806
3247
8393
328
9207
395
82
1543
2269
2766
6403
5028
2296
5115
5826
1424
2928
5392
7662
660
7913
7647
8716
960
7646
8655
9183
6765
424
8076
731
1366
9108
3875
9649
4739
7814
8259
9608
4016
2005
6078
9035
6097
4385
8623
8314
5863
8733
9978
5634
7336
3357
8304
3578
5491
2802
9255
9927
1311
6858
6057
863
6685
8197
3396
2111
8670
1798
9420
3427
5349
5048
4786
5405
1873
6441
8816
6875
8072
3208
4189
3743
8206
7381
9251
6947
1931
5179
8916
5299
6624
1503
8408
475
4629
1144
5556
1368
3114
3511
1274
134
3361
5032
9469
5286
2305
1494
8344
2019
9454
4479
7283
6817
488
4538
1134
8556
3716
7172
5002
3597
1930
2055
8095
3394
6321
347
8126
3311
8320
2580
2959
2500
2791
3194
5582
7304
4451
8289
26
9164
9599
614
8325
5849
6182
3405
4612
6686
6966
7356
4801
2871
4064
8182
4183
7946
7627
6963
7602
4616
528
7875
5295
5169
8990
80
2639
7702
2840
7565
1167
6834
4322
8876
999
2443
5728
2203
6007
9180
418
2025
4929
8605
8821
5256
9843
3553
5272
9284
8515
5971
6318
3403
8240
4072
7118
4551
5934
3651
7916
7634
1681
6741
9040
2938
2709
7250
951
289
9763
5142
1815
352
7890
6939
536
387
6070
8835
9883
5513
7982
145
133
6426
1232
7206
4558
2452
9504
9084
1330
7267
7810
6237
4903
7850
8416
8626
7578
8511
2188
9245
8958
695
8443
915
4261
2355
2657
6282
8012
3906
3627
2260
4076
3798
239
2315
5180
8577
5613
6203
8793
4024
4449
9998
1214
5463
1881
6389
760
1098
8361
7766
6513
8949
924
7224
9951
4689
8982
6650
126
5928
2757
8501
535
2550
3377
7754
7044
3755
3349
2499
4685
6832
620
4899
8562
2588
899
3564
6975
2272
6484
8925
9938
1102
4145
4656
7295
2085
2824
3369
6502
9873
2410
4524
5135
6257
4682
1630
5531
4785
2819
895
2218
8893
3579
493
691
7187
8021
5194
8553
5544
5045
1974
8632
99
3171
8621
2703
1101
4162
3334
4265
1426
2153
3398
6557
1034
4815
4169
5994
4779
3125
5607
6365
5727
595
6473
7027
2720
6659
2673
9073
6710
9227
7374
4154
1947
8448
412
6504
305
4300
7298
4455
3385
6042
9637
5986
4209
3293
2330
3818
7368
6690
3490
5435
5158
5735
5674
224
2224
3668
3797
5642
5567
2422
5554
4289
1252
9075
5443
2437
1924
794
8920
4971
4112
226
4510
7064
1160
8184
9641
6119
7829
160
4825
1245
9349
9414
5967
1042
6633
4924
7520
8261
1427
8135
5232
9118
3599
22
7716
8342
3766
7450
6495
7558
8682
5254
1577
4225
6542
737
5766
9083
5808
3063
9915
3919
1433
1707
1445
8169
1547
5722
1229
6493
5972
3592
3909
9130
2616
6341
1189
7048
3963
9071
7272
4711
9275
5836
1956
3326
3110
5937
5406
2257
2839
3560
2752
8321
9474
9393
9856
5374
7903
6450
3978
3467
674
702
4446
3908
3387
135
6004
8633
2456
8066
8019
1117
1379
6385
3137
1708
7832
6060
6124
5054
2000
2400
1195
7193
8646
5581
6401
9946
9062
7020
4294
410
4792
9922
3544
8569
1285
7658
7633
4476
9710
9837
5089
1817
8212
8203
1005
496
7116
8027
2542
5869
1744
5080
2514
9225
7741
707
7580
5566
9825
3393
6216
6877
7196
853
2958
9471
9015
4430
5749
4754
3292
7619
5664
5014
6247
9200
1237
6199
3967
5778
8926
6549
8036
637
9888
1901
7094
2971
8168
9577
8787
9335
5320
3336
9437
3245
5762
7782
8309
3748
9473
835
6228
8218
8339
981
9178
6530
5770
1542
2884
4541
1414
6131
4777
2073
4921
9572
3441
4906
8705
9530
5530
1476
6707
107
4144
8945
8383
8591
1860
6946
5342
2283
817
599
5249
437
7396
9158
5605
2497
5436
9270
3918
3703
6411
7845
3451
998
8190
7365
2128
8625
5715
2388
3016
3681
8440
2553
5532
9966
7910
7944
4398
871
6579
4227
409
534
4386
5788
5648
5075
5184
7456
27
9485
3024
5821
9116
9931
7600
6794
7280
5636
7032
9512
5467
9019
1835
6225
7897
655
8947
4206
6475
961
6959
497
6695
4338
3370
1163
3087
1617
8129
467
9796
6565
3409
3352
4
2594
2585
5668
6440
1568
1019
7710
3029
7774
978
3620
6915
4624
7327
1339
6752
6259
6570
5450
9235
9240
7074
7938
4957
9237
6094
9226
2143
2949
7651
2742
2207
5230
330
8334
1903
4041
6611
3570
1885
5070
4439
9670
5603
2157
6558
2907
7490
7775
4136
7510
7523
1228
6608
8415
1453
7317
334
172
8336
6776
8509
6803
2533
8456
4425
9484
9132
4468
2442
4039
1097
2955
3921
9942
4536
5377
5433
1734
9596
9622
1736
2690
5693
2658
2990
4081
7687
5197
3734
4619
9519
1555
2689
3380
3450
9722
8248
8086
2459
5004
3495
2414
6286
4298
7878
3365
6988
5035
744
7200
1629
5318
5839
7314
5796
6902
9372
6806
56
2120
4989
8436
9188
7919
3676
5029
4277
4928
5723
1727
9472
3969
6830
2213
5420
5551
2927
9630
5721
3160
1775
4021
7235
7279
8638
8173
9792
7111
4731
5053
9667
6906
6971
7222
2774
3402
2108
460
4508
8059
7674
549
5601
4918
1985
459
9385
3664
6648
7807
1315
8262
8044
5050
1871
8557
6666
4372
1958
1139
2194
7729
8307
7654
8064
8909
131
4330
7884
1844
7339
6965
1633
6656
6241
572
8683
7618
507
3683
9712
9652
1431
3972
1118
6471
9972
3097
1333
2600
156
2957
6434
4074
6374
413
9953
8570
385
3313
3598
9538
8210
4164
638
5886
5052
8341
2740
6486
3104
5191
9914
4218
6438
1980
8221
9770
1328
1891
4554
4133
3594
394
3200
5172
386
1944
5543
4523
5697
8494
7270
6985
8292
5227
3310
4735
1083
50
2790
8266
3999
6362
9613
3512
732
4819
8047
3323
3648
6821
9570
6252
6581
5671
2301
3148
6076
783
4347
5864
5877
8578
3437
9236
2714
7667
7180
3251
457
7607
3851
6748
3674
6687
9483
2632
1174
7028
2711
9380
4060
6981
8911
2688
9528
5926
9209
2628
8525
192
593
9852
5786
9327
4532
729
3177
7334
1907
5475
8551
8575
2547
1159
7704
2536
8017
9436
9988
980
806
6453
9224
4676
7773
7467
6402
5051
3368
5665
3679
2372
5689
9801
8005
2851
8885
9514
5502
965
4487
9802
9314
2715
3912
3397
7138
6201
2322
1031
1676
4359
4597
7933
8328
1771
3532
6941
1037
8460
2754
5124
6142
5903
5991
7469
201
2308
2749
5656
7462
4572
6826
5888
8132
66
1720
9124
8246
5460
1859
57
9606
3862
9212
2677
3825
1970
7142
2094
2605
8783
9937
2446
1949
2994
621
6470
5835
8952
5231
1826
4355
3937
9903
7911
587
4678
3562
8710
5620
5933
2736
9779
6111
7696
7424
841
3415
371
6397
9190
2385
625
5761
3014
8121
9215
9926
4829
3629
2751
4952
414
9898
9222
8172
2403
373
8736
2361
7470
4456
5132
601
5631
5663
32
7544
9989
374
3870
5395
6050
6472
2496
8891
5044
683
8234
4103
3447
9679
7058
9539
6606
7779
2541
6166
5131
6501
8214
1406
2448
1477
2724
9435
975
5221
1905
7386
4527
5486
9399
143
5483
7833
60
4281
5336
8596
1943
9790
9352
2182
1069
938
5802
8825
1693
6350
4949
1473
5592
4251
6113
5294
1349
6088
9137
1266
2942
3539
9317
479
4019
4434
3010
6924
511
5586
5867
5202
8179
4414
1192
2233
3343
4834
6116
4186
8427
2392
7556
7805
829
443
5198
9877
2759
5764
225
1419
272
5965
7496
7763
8200
1583
7735
7990
4111
3876
310
5982
7659
3550
1733
2290
9480
5275
8748
1591
8701
3635
4432
8866
3238
6958
3061
5518
6348
6258
4814
9401
7992
1029
71
7330
8094
6270
5096
6490
3897
9635
2303
7573
7242
8444
3589
4898
6545
423
9970
5097
3519
2240
5751
962
5102
6848
6857
6588
7701
4452
9333
3404
4998
4692
3613
5508
5505
9134
3203
9754
8039
9343
533
5340
3428
5208
860
6444
3910
109
7796
8698
6107
2896
4313
793
4744
9669
8548
275
5454
9864
6693
7524
8223
1056
2608
8688
2047
8228
2517
5145
6025
1935
5920
5893
8853
8473
4411
6746
8390
1321
2729
4740
5914
125
5743
5241
7159
1337
9576
5113
8080
4085
5144
2432
5397
9438
1753
9074
9313
9848
2834
2460
6055
1977
9114
1004
7762
642
6465
17
7190
4821
6702
3619
6133
8078
7806
9516
8966
2307
5211
2756
3781
177
8141
6032
8136
872
9159
5627
9686
3907
4221
7863
6853
7443
2747
3834
6575
3813
5968
5077
3565
4201
4437
9202
874
9624
9263
6715
1779
8150
5129
5355
2384
313
1781
501
5834
1916
4287
7908
8977
5214
8454
3166
4367
7571
6287
2931
7730
174
3392
3022
5164
6337
5485
6896
6767
1774
2086
3472
7158
2848
9246
6409
3236
5680
792
1661
3513
4469
7616
7346
7234
3848
5760
7023
4283
8205
7507
8585
1541
5118
8794
5000
1872
76
8098
3278
3337
336
3799
9128
9374
7592
2155
6526
4259
9448
6564
9087
2268
7404
1979
1599
3547
7940
2568
7712
1770
1338
824
6196
1751
10
6986
9125
659
4270
2679
4356
96
4592
2634
1236
2151
1148
603
6653
941
1616
4125
3078
8376
8820
3758
1085
6326
7236
2667
9315
2612
6121
7936
469
3058
5804
3098
5896
6017
1921
2951
7369
9891
3504
4947
5346
1833
640
3067
215
3207
118
730
1808
7051
2116
9560
3192
6768
5704
3998
8937
7872
7637
9811
3122
1570
6923
6356
138
2063
8754
6101
8777
3018
8887
4252
9550
8439
4784
3924
9013
8199
8571
9916
5092
5271
569
1265
129
8917
7291
870
6095
2478
8144
3143
1064
9311
5209
320
6641
8999
6970
6306
4566
7726
5962
9728
2066
5685
5860
3178
8857
1776
7786
7201
8735
8465
6185
5398
9505
7342
9621
2367
2304
1369
1196
5930
4919
9752
9068
4974
3786
2214
4396
2524
1663
7412
9535
3558
6753
4124
128
3614
4895
440
400
6973
1182
4374
2228
1162
4719
4166
6067
7771
2406
8745
4519
636
6301
2902
2986
8780
1410
8298
3386
2988
9463
3864
4448
9955
7743
4405
839
9434
2408
7057
3583
9585
6559
1666
9221
594
5219
3152
8174
8175
7106
2722
3879
1344
5370
9759
1436
4194
252
8561
4084
3602
542
8438
2192
3225
7526
7891
8720
1279
3640
9723
3145
2879
3094
6045
6569
577
2926
2948
9693
6920
9321
8000
800
382
1446
6137
922
8048
9051
3632
2170
877
6991
7338
7207
367
3466
3666
4409
220
7648
6003
3962
4736
4026
1227
9797
2974
1526
669
4525
7645
4882
1213
9371
7154
9597
9234
478
8109
3571
3244
9475
4416
5973
1112
4820
6635
3927
8245
8351
8747
7275
7672
955
9964
9889
885
9216
6643
8349
3637
9757
3333
4309
166
4987
2786
7122
714
303
5846
579
12
9835
8731
7952
6895
4912
6790
6795
5547
7114
5123
3950
2680
857
1013
9488
7217
6220
9676
5536
3305
6609
3852
8842
3126
9242
4293
9457
5409
865
6678
2796
2339
41
4438
8070
1528
6127
3655
6281
4268
3153
5702
2992
3348
4382
6327
388
5020
8435
3883
8653
7557
1831
1667
7087
1398
5583
5984
9018
9592
6294
9960
6108
1153
1052
4351
5910
1838
4431
4867
5852
6330
1204
8608
995
4029
1425
9470
8852
5970
2479
3985
1374
9750
6436
2829
1268
4746
7720
260
5361
3273
1592
1529
3902
3420
9773
8519
4119
5449
2941
1641
9619
7883
8771
1334
7416
4058
2489
3968
4104
1719
7961
4161
9584
7698
5277
9999
9884
6392
5403
1216
251
9591
5987
150
6943
776
1262
6679
8856
3626
1984
7246
8312
2340
2561
7981
8331
3258
2193
1022
1090
2800
1220
521
8125
7721
51
8700
1715
1982
9727
7102
9244
1994
6506
8387
4047
6839
5588
6151
940
4107
7211
4653
7296
9741
5073
6580
9818
2551
3246
5957
9593
6240
123
9131
7046
2467
6072
7182
979
618
9136
2229
9334
2465
495
8462
4932
3747
7820
3283
4197
9778
5122
4366
7332
2039
6215
541
2913
1760
9990
276
9104
6804
9115
958
1138
7768
426
8355
8381
5005
7226
6874
4379
3222
9933
8375
3400
4702
2811
667
8238
4378
1793
2946
8108
2554
3158
4099
3691
5951
3009
3185
8431
7452
4179
4222
6518
2129
7451
1480
8950
9580
781
2894
7733
3549
5626
2398
2738
3440
7617
9716
2586
2783
3059
6117
5481
6049
1716
3973
9985
8567
348
7765
1177
8776
6442
7970
7253
6297
3317
4873
237
452
4983
309
1415
5046
7638
1437
2812
1158
1055
7014
876
8374
9537
2702
2253
9379
6153
5455
6945
6145
307
6692
3965
5529
3055
6683
823
2485
8510
343
9424
529
9162
869
3080
7912
449
4762
9078
9657
4195
6463
5772
1786
1264
8116
9707
6671
6376
7493
8330
9706
9748
7343
7963
7623
4780
3611
1909
7614
5640
1280
6614
6459
6823
1221
6266
8536
266
9072
4490
1443
6455
5423
3567
5239
7532
7899
7478
8995
1722
3783
9331
104
6406
2828
4341
7906
5569
3410
8541
2691
1352
2743
9617
5815
6176
6394
5574
3662
8253
5997
7184
8643
747
8497
1507
8486
7457
5872
1518
4655
6349
9466
1609
2822
4486
6846
9510
9607
9228
9492
7402
2763
7152
1110
5701
6657
4055
6509
8715
5250
548
3073
7826
4315
2461
9764
7323
4742
1066
7265
656
5557
4598
7543
4400
6522
312
5399
8524
4075
7423
2270
9815
6136
6096
6928
2513
6498
830
5372
7605
8038
6645
6816
4345
2813
9549
2449
604
5584
9600
6525
5008
2775
2169
6474
4841
5797
7310
7788
3205
3719
2885
1166
6629
5938
9566
833
230
2515
6592
106
2310
3923
9286
8849
2792
7953
324
2477
4413
473
9683
2425
8083
3677
6868
9422
6152
3381
4172
8903
6351
182
5649
2768
7328
5561
5
828
4996
2823
5337
7038
3419
6005
3954
6383
1146
7173
2123
2797
2617
5714
6478
5618
7798
7062
376
2126
9007
2532
4853
1749
8907
4200
6534
3787
6602
4500
7506
5036
4460
362
7398
4862
4276
6503
1505
6763
3612
7157
8765
6798
3938
3573
3103
6926
5731
5676
1095
9680
4652
3687
7254
7749
4614
2764
5688
7318
9806
741
7692
2844
4344
8077
3860
193
4329
6992
6163
8112
6899
442
4423
2037
155
1959
9465
6514
8471
1451
9532
4956
2730
9704
1954
9462
4419
9309
2573
2708
1061
69
6822
8459
921
8629
990
2077
8939
2753
8491
7372
5909
4025
9197
2565
4969
9729
6112
464
63
5297
4756
2266
356
4199
2849
6911
40
952
5593
5612
9901
5658
3765
8831
5578
5448
622
7683
918
5482
4748
5322
977
7632
4132
8573
3151
5856
5376
991
151
8085
6770
9353
774
5206
9408
7552
9870
425
1730
114
5716
9522
6567
9356
6244
6398
7203
2217
6562
8414
4296
1509
1336
2523
2886
5133
1757
8160
690
1922
6272
3822
1534
3274
6922
6134
5669
2888
1545
9631
5692
3072
207
2964
4618
7732
845
7861
9186
3485
6916
1058
886
1763
9069
1531
9142
144
6483
2256
7377
6812
2664
3770
7305
6399
5344
5099
7653
9003
7047
2418
8962
5186
1323
9644
8875
4010
5473
8992
3855
3429
3147
7527
5196
1711
887
420
7281
7016
9059
9192
9965
9205
2415
634
3793
446
8151
381
1240
2067
5784
2031
2365
6309
5645
8677
682
8480
7827
1862
1745
7347
4806
3654
5902
7780
4236
3887
9199
8235
8721
9920
1624
5269
5555
9439
6950
8896
8537
8324
9378
613
1021
9511
9008
6660
6756
5977
1434
6793
1552
2693
6717
4473
7734
3861
1659
9626
4733
8088
2087
5814
3805
5546
2344
1842
9994
2855
9430
2629
364
6143
5489
8152
8412
8890
8113
3533
2718
7348
3615
3474
2965
2317
827
7882
3644
3276
6210
2102
9341
3460
6066
1572
9855
5393
6298
5323
8158
5316
8484
4712
1876
7972
1787
2004
3551
6148
5579
6593
366
1579
5535
5147
130
1562
6598
4798
9751
7359
5883
4548
738
7535
5060
4065
209
652
8050
9900
3376
1307
1910
2987
4483
3193
6347
8910
6106
3000
4790
5794
5333
4644
8807
6778
9243
8337
6022
363
8955
4802
6354
2319
3131
6307
7441
7271
4258
5478
8405
3587
6256
8430
4980
7115
3815
7956
3360
5900
8230
3849
3557
4061
1429
5444
6510
121
9974
1172
3303
9924
7966
6742
1028
825
2746
3170
9070
1853
8315
2190
8827
7643
202
1762
1340
3649
9857
2416
5777
2064
4003
5590
1790
6927
5706
5401
36
4006
666
8840
3847
3431
2995
4091
1387
7227
1397
7306
6764
2395
1937
3753
4865
6543
8379
283
8433
2333
6684
2088
1470
3324
2103
5573
992
8654
1589
6361
6623
3832
1469
4831
1857
6810
3782
9194
7957
8773
1516
9049
8196
713
4761
7299
3033
3735
3580
2920
3690
487
1420
8319
8753
1479
1302
1741
1669
211
8927
1656
6168
4789
6432
5190
4937
7650
4968
4369
270
5317
3767
2264
6655
4150
5939
1488
3709
73
8069
7006
7012
7569
1590
7985
9238
4546
1035
5744
8419
5520
3346
9851
3953
6235
4443
8931
9259
9812
8884
2787
1696
7515
1392
5176
5366
517
9785
5915
2960
8189
3216
3561
8490
1766
2026
6728
9633
7993
4472
2653
5066
1126
2453
1677
5635
9111
7083
1452
3118
2167
8290
4875
3374
697
717
6882
4747
4237
8209
6353
8684
7362
7706
5672
7021
1950
3601
1073
8467
5090
8948
861
6387
5725
988
6733
3262
1096
7475
8483
9308
8967
9692
4509
6296
4543
570
9397
7320
3742
5134
672
9467
9694
3476
4426
7904
1256
3322
5161
2014
6931
5625
5823
7219
5270
3109
2162
5013
8148
3264
8154
9027
4101
6043
3617
4118
2726
4470
3652
1955
7819
3646
2967
6670
5936
7893
9795
3502
6485
9079
8768
9248
5062
1455
1765
5929
6676
3217
2061
4897
3044
5729
2007
199
9357
3746
2375
4180
2377
1508
4433
4521
4384
7151
9739
608
6412
3056
8103
7461
1119
3878
9123
5510
9191
7997
2450
8060
7319
3300
2760
1866
2440
3541
6175
4052
2979
5771
3724
9616
8487
1132
70
7888
3233
5400
3929
5602
8895
2006
5081
2682
9794
2737
5983
8183
6819
1914
4564
2225
3259
7817
5267
7549
8712
2866
9249
5137
7586
4171
8946
7844
8617
722
5487
383
1668
1714
8127
5233
2845
6967
2209
1104
5639
43
8542
2858
2130
8143
8422
8717
470
8904
1067
7927
8104
3880
4038
7892
698
728
3054
1500
6207
4185
8171
2074
8620
9336
3874
8674
7390
6065
5568
4909
3896
4511
7969
4848
4654
9338
6308
8968
5908
287
3905
4031
3119
7370
6476
8037
4463
4328
3859
1823
1723
4555
7160
3484
2373
1454
1078
4823
7991
2314
9298
4804
1761
2543
7127
986
5414
9774
5326
2494
7095
3563
3638
3050
6
3382
6083
9201
7382
4339
7840
647
7655
3316
4562
8089
6154
1773
8111
1895
4943
6932
757
5526
6642
3358
2010
87
6000
6291
2644
7071
3053
2196
5647
9500
1421
2627
7548
721
316
2511
1176
6358
112
3791
9381
5506
1515
9445
3049
5356
8237
2009
6944
797
3341
148
6040
3096
5940
9984
5993
2145
3943
9935
1370
6612
5150
2284
3841
5088
448
3842
9433
9261
34
4513
3680
2548
9733
462
4593
7371
9604
780
7120
5884
1827
9959
8316
2468
3944
4866
8843
3720
6705
4771
3715
5807
5961
596
9831
2060
1525
5120
8061
455
9977
5632
573
6876
7389
1181
5143
8609
1072
605
7857
875
2095
9127
4940
934
7419
3671
6563
317
8413
526
7794
6082
9010
9402
933
486
2968
7621
6713
550
544
7853
4198
4312
5057
1618
7584
4302
6391
2933
512
3865
9382
8508
2575
8338
9720
195
9016
1812
9526
1030
3101
3750
2445
5068
3407
2520
9949
6584
9787
7572
9306
9578
9058
9782
8277
5439
1626
3040
7612
8845
4705
1185
6205
7636
3685
6217
2549
2222
2326
5780
3752
6797
7590
6533
4278
3518
3974
8770
4207
3267
2139
8589
1091
6524
9276
3795
7261
6171
3893
6230
4048
2068
1928
1197
7273
8045
850
5388
1298
9449
9699
4760
974
4095
1223
8790
1362
8694
3913
2183
7597
657
4879
7707
9026
2309
7502
8665
2350
2281
3603
5105
4121
4033
5633
893
1157
7024
4872
7417
6183
3161
5501
3188
4354
1556
1634
6572
4579
7129
5503
2012
1401
9044
9429
4725
7761
5402
8207
2274
8137
5497
2540
2810
9023
5126
1622
3240
7852
4874
6677
5875
7045
3099
6433
9292
8354
3581
411
5918
1456
8802
2832
8944
4818
9456
8081
1062
1635
6791
120
4580
9358
1071
2482
9444
812
435
429
3150
5339
6092
206
6279
1772
1442
9736
7189
1993
2996
8847
5617
9975
750
9138
6783
8830
9166
6013
1788
8389
5255
7073
4127
4686
7221
4184
6035
2481
4800
3936
380
8343
9030
4235
8010
9948
5818
6555
4893
6698
9323
6494
8568
64
6625
8779
9320
7824
8619
1046
2331
6777
3459
2762
8772
5095
6836
3366
7097
6275
8025
1003
9348
2578
3035
4827
4778
6104
4793
1854
194
7996
16
9850
5396
8603
4856
14
8543
8606
740
7428
4079
6466
2545
7029
7686
1756
5675
6075
8022
7746
3940
8648
5324
7862
4001
4004
6128
2043
2998
7149
1550
9738
9614
1341
264
6893
6098
33
8026
6626
4942
1704
8265
1941
9816
4128
788
1190
9339
2643
5757
9266
9217
1717
325
950
5998
3220
2636
5742
7949
9677
8934
3252
4630
8631
318
4550
2663
157
6006
504
37
5117
2227
8114
1886
2154
296
6447
7282
8766
9052
397
9761
1299
1186
3827
7174
4370
152
9552
5859
8296
3005
5667
6638
4877
9836
253
3314
4151
1962
3093
111
6789
6023
6754
327
4751
8236
1324
9980
200
8938
6898
4462
8679
4584
4852
692
9894
6772
6427
9846
8662
7717
3277
7249
1359
2472
263
2891
4011
6908
7495
6556
4163
1780
7851
6544
2124
1441
983
9361
450
4205
7973
7776
1247
5069
2970
6311
3121
1179
9747
9540
4307
6159
8310
2197
8231
6415
5387
1063
8686
5341
2504
1884
7914
6068
8482
3017
2431
7430
9685
5767
2179
5173
8615
474
5225
214
1143
9095
5515
9760
878
9602
6316
9765
2178
1953
8215
3840
1841
3763
9490
6340
4395
2287
1040
8839
7063
2607
5368
6934
686
4148
2651
1203
9005
3569
1648
3287
4388
2455
5017
6001
1225
8634
736
6158
7117
8049
197
4210
5651
8204
775
8979
6251
4182
7566
9250
5789
5159
4087
7177
7050
9809
6140
1358
8155
4471
7075
3319
6792
5311
9461
4765
1059
2495
8544
9841
2820
984
4256
6212
6712
4371
8364
8051
2018
3979
8065
9110
8358
3738
9905
7425
1596
3989
2847
7575
5335
1728
7384
4243
3575
5170
8274
1308
9304
8046
2070
3026
6073
1217
399
8661
1739
2574
701
626
9036
3566
2135
2002
6517
3448
4577
5474
9542
2892
4585
9734
2473
8090
2265
7026
9814
9881
5027
7977
6054
2857
8616
3811
9100
2221
6603
8752
9564
35
3926
1564
4326
9545
3725
1209
6721
4023
5329
4102
9541
8273
9101
2788
4888
8371
5464
8353
5306
5575
4529
6856
6239
6189
4878
3389
7531
4149
7657
3863
8795
4282
8873
8225
2980
814
2101
5615
5151
6274
8872
9446
6520
3721
1523
2660
4337
8579
902
9390
319
368
1094
8503
3255
3713
9247
982
6904
4755
8964
6477
5385
9629
957
5445
5408
7968
1141
484
8470
7247
6324
644
4342
9968
1673
7613
4238
466
13
3971
9258
5425
2620
2603
9085
1726
4911
807
4399
6487
5430
9941
6219
8397
5832
2635
4569
9113
2112
8023
6373
8867
2662
3605
8858
7150
1122
963
8373
7930
359
5670
4212
1017
8708
4336
7769
3788
1660
3574
3591
3345
9611
5943
514
3556
8202
9945
139
7228
7238
6388
6921
8411
3479
7858
3445
2945
5492
580
5424
3173
8526
9895
9643
5609
6521
1637
4450
4080
1701
3830
9917
6491
216
4498
8889
7208
5816
4710
4556
677
8801
8942
706
5528
1074
6156
7960
9337
1830
5981
7709
2262
6851
9045
7790
1184
2341
4681
2795
8335
2921
7767
2259
4389
7274
6577
7715
9187
4325
3272
6002
5932
4453
9406
3196
1594
3021
7128
1699
8746
1255
6929
5736
83
3686
6646
4533
5623
8921
3421
2826
6599
1407
9129
704
9271
3132
6618
8217
771
5313
6516
4357
5047
4904
8762
5016
1856
4647
6835
472
2140
8329
7740
4961
9839
7591
7745
1111
355
7243
9482
9452
7209
9146
6320
7620
651
3248
3531
6719
7179
9892
1504
21
9389
2525
8252
6714
2158
1997
271
1380
1865
2566
4851
1313
6508
274
3092
5056
5748
2564
9718
9388
2231
3739
7139
9042
5906
3501
5855
9479
98
2695
1718
559
7155
4863
3717
821
6976
3568
4224
5416
2048
3988
5476
9066
9322
6691
9740
3789
6284
1644
4993
7830
518
8449
5843
4286
2184
5921
9840
649
1271
4110
1897
1819
1828
3595
4393
2248
6732
527
9833
5063
3406
9756
6489
221
8382
9210
8165
3296
7943
2081
7781
5033
4808
6126
6519
6418
9268
6209
2576
4576
4424
9573
2127
4565
1606
4308
5245
4586
6703
4881
4495
4673
6323
2985
709
3309
2876
3004
6315
280
2654
1530
1917
5223
1137
5949
117
5205
868
5480
8219
2430
687
9121
2311
1199
1683
9789
1394
1125
3434
2509
4040
920
3468
9094
6998
6936
4805
6738
1652
6333
9567
232
8495
1248
5364
7800
8711
3505
4097
5587
229
7666
9038
6430
784
1778
3704
315
3318
7039
4000
4623
5264
8024
7437
6363
6500
8424
8859
3850
6900
6511
4361
6940
7516
9838
8475
6925
5360
1372
8728
9675
5215
3417
5009
3129
3955
9097
5119
7079
1310
7143
7481
7803
1654
4435
4708
3500
7705
6379
3443
1951
6458
2808
6632
5545
9214
8369
2982
326
4923
8598
7427
7103
748
9037
9940
2172
8255
9391
5465
719
6317
6414
4767
2235
3091
9546
8227
8263
6647
6745
9065
9368
9786
908
1989
8232
7920
3190
6918
9468
6429
6481
5657
9241
4626
4960
6601
4053
9196
406
3871
8187
7453
7255
8222
6021
2021
7834
9405
7663
1923
9507
5071
710
4870
525
248
2146
6424
7885
7877
2856
678
1012
1878
1614
5451
6290
3837
2642
8784
1999
2874
483
5039
968
9143
8356
5539
8612
3996
3231
9418
3705
6416
3590
910
7508
6457
8607
3741
7635
2508
9120
1607
3281
6628
164
6167
973
7555
3740
9904
1423
241
7140
5644
4142
2383
4215
5025
7287
2142
5610
2011
4953
694
7061
9826
8941
4477
631
8883
3890
5253
6905
3884
180
9993
9455
2899
2293
7277
2991
9947
7722
3663
2535
2258
8970
6120
8908
2131
7739
8685
4664
5332
8042
4718
5279
81
9318
2261
2427
5891
1805
1364
6160
798
1729
5828
8102
2665
627
7595
1960
612
4407
9350
5058
2833
5597
2474
6978
6729
5719
2581
5782
7431
6730
7415
2001
9302
2909
3347
7198
5303
8803
340
7499
7895
7791
7604
3384
6864
9781
5351
8286
4415
2096
7007
6799
8611
2382
1483
4727
3355
2366
3496
1194
8068
257
1438
6105
6616
2809
4175
2794
4461
1123
4496
4908
2232
8882
3047
2118
4976
7141
9105
6053
6364
1582
1939
5466
7731
6086
3823
700
8201
2903
3520
4982
4045
6548
2033
1367
2435
2470
8468
7245
1388
7439
2328
1610
5629
3436
9690
1988
4880
1981
9112
942
6334
9976
5577
5759
5500
581
1832
396
2601
2299
2882
9239
4935
7010
6644
7442
7530
2279
7060
4750
9595
972
3266
7322
3956
67
7008
9524
4475
1136
964
8096
8367
9673
7974
3182
9011
9229
5243
9565
6889
5251
9819
810
4092
5373
3329
9579
9803
733
2090
1850
8987
9523
2969
4350
2252
9139
5242
2381
1645
3899
2537
1536
7300
838
142
158
9453
930
8851
3922
819
1239
2761
2175
4482
2358
8447
7161
1934
9260
1807
4098
2977
4014
7251
540
7125
1537
5660
4645
2020
9176
4507
2332
4621
8185
5654
6723
2032
2599
2623
8244
8533
1439
9928
2898
5495
3731
9411
9330
2206
5870
6688
4106
2057
2684
1820
530
6871
4759
4285
8806
3510
9501
9780
428
1089
6390
4346
8545
1395
5591
1804
9163
3915
8138
5679
5948
24
8936
3288
6850
6886
703
1600
5458
2778
2338
2835
244
2912
2900
9571
2399
9518
3810
8350
6302
9169
5540
633
2602
9404
6181
1314
524
7191
4392
1486
2953
8978
8028
2318
3302
2943
1892
914
5207
7542
9426
5234
9032
132
4561
3932
4234
3966
2889
3391
4774
6951
3408
2480
8377
5452
6331
5876
4412
9804
716
8815
1682
2364
522
8418
826
4696
3678
6870
1070
2187
3422
3353
6164
813
2867
6515
4497
4737
6828
9939
2842
1295
8758
1501
2825
9871
7472
3975
5741
4408
223
3508
8407
6246
5917
5730
7212
4795
7231
8522
5296
7518
7099
3846
2859
2297
7589
3210
162
7167
5157
2503
4697
6630
5382
546
1115
2516
2352
4954
5552
588
9925
5247
8552
699
6408
265
8594
3803
4936
8099
8973
7331
1649
6180
4506
3206
7163
8750
9645
6972
2302
8861
6245
9534
538
3894
4262
6344
5913
6773
1449
3227
5822
9979
946
6964
4824
8836
5354
153
8500
5493
6029
1725
6288
8586
778
2177
953
1492
4990
758
8564
5141
1393
6662
1597
9520
3134
1405
6825
3631
9678
4404
2696
6536
1402
1482
9854
6845
1613
4130
8421
1674
1803
8837
5537
2621
7335
3191
7403
5905
6125
1086
7954
4901
9088
4959
4631
4440
9117
4528
5380
8345
4661
802
4288
5175
6883
2618
5156
6147
2475
4421
5889
5010
2288
5418
238
8918
9509
94
5791
1142
7195
1291
5895
8378
4203
5410
482
3364
23
1560
2396
8614
4926
4589
6122
441
3672
6996
3764
5310
6417
6651
8093
1133
3261
705
3228
6497
928
4062
1522
6681
516
8417
6063
2560
5682
7192
9099
9885
2051
3729
2818
913
4157
4364
8260
762
1417
236
7088
5955
1278
993
2584
5030
1051
3525
2806
4835
427
5112
5746
4563
2444
8870
1915
6802
7240
9771
2208
6829
679
5549
5220
7594
6407
912
1783
1971
7864
8283
2378
624
8117
2280
654
9799
761
7871
3212
4964
5985
9144
7333
5652
4542
9441
5468
8796
1350
3083
2558
1747
8288
6214
2645
854
718
8530
350
7225
7148
9491
1284
1082
3491
2180
954
4168
2924
2239
1460
4465
6735
4850
6393
9834
4266
1165
6300
5067
1048
8810
9184
2160
7096
8063
9691
3221
1347
2223
6026
7924
3816
670
7501
6585
4178
481
3435
3176
5076
7256
8658
726
434
9395
7512
8247
3442
1154
949
2083
9017
7290
3695
2716
298
2582
5003
7100
8997
1080
5261
8673
4843
2721
4963
4781
2870
2353
3008
48
3559
1769
1099
8994
9992
3482
4837
2999
4855
1290
9820
2706
6711
653
5188
8192
7171
6665
6269
7989
4594
3282
9821
4363
5171
1948
4535
9866
611
5217
7376
8147
3475
3001
1612
9195
8120
1205
7397
1658
1640
1026
489
6034
3633
8101
9807
6859
349
4588
5534
557
6759
8523
1168
3230
3159
8953
8729
292
6532
3328
7611
5011
4368
9664
4275
9672
5964
1422
9882
3162
8732
808
3163
4230
9403
5419
3506
6080
3172
1430
4115
5259
4981
5853
8394
8534
4139
29
9373
1491
9257
4764
6860
9096
7307
8881
2853
2887
8959
3983
5988
1665
1345
7033
431
4570
2397
6780
6359
9715
9280
2255
4015
7689
2570
9531
619
8478
7345
8879
3060
735
9625
6024
6897
7752
8004
3660
7049
4757
5331
8241
6328
9029
8919
5128
9486
7758
1175
4165
18
416
3917
943
6273
5459
7915
1378
2402
432
8242
3155
8513
9175
288
2597
2947
4073
1260
3900
864
8057
9272
7185
2771
5381
1713
7432
4077
2191
9392
4892
5109
2488
4274
3941
6367
9319
5885
545
5717
9886
8637
574
6236
4797
9344
186
1906
3524
3667
3378
7353
8404
801
6370
2027
8751
8740
5595
6031
1512
2156
2286
8437
4279
6346
9498
2652
8091
1628
4609
7812
4975
7545
9918
2241
2357
5121
175
7928
8145
3982
5980
4669
5740
3774
9696
2666
3634
889
5865
9232
372
5461
8707
7112
1869
4331
4485
9753
7418
