436
295
203
130
330
734
74
512
109
699
485
892
920
770
883
860
494
446
755
545
143
327
637
810
680
498
7
354
849
370
292
334
827
578
252
917
762
894
346
622
516
988
311
667
14
644
47
929
442
576
663
875
618
250
472
927
231
68
975
64
784
650
952
281
880
506
175
466
267
515
802
169
922
568
197
983
195
244
388
981
489
701
910
159
440
17
687
378
373
387
889
289
30
152
449
723
908
791
678
985
428
381
482
731
726
689
187
528
351
871
360
274
230
675
956
957
619
408
648
258
229
372
899
925
753
154
16
356
715
181
0
81
445
343
56
797
934
8
756
414
974
612
705
217
379
84
329
991
909
954
41
951
326
577
548
490
272
39
655
859
552
399
484
357
33
639
713
858
138
285
470
6
790
529
95
873
59
811
977
362
949
344
596
565
670
992
931
392
11
869
53
331
832
519
396
459
775
162
219
642
719
473
549
829
276
340
189
410
338
273
263
103
745
919
733
471
607
481
71
277
453
913
297
23
835
742
914
398
167
820
532
299
504
260
98
522
523
369
569
609
640
139
173
587
799
389
595
164
993
626
905
969
375
35
393
652
653
912
341
939
123
323
681
305
259
427
406
966
382
247
493
614
739
848
477
52
968
703
377
850
563
964
937
223
383
943
702
275
941
530
222
537
491
310
662
429
126
581
463
520
928
754
296
496
774
294
942
87
841
32
241
722
366
863
984
857
380
4
112
953
239
51
174
573
804
179
879
307
809
547
486
604
69
266
320
605
526
391
736
649
906
206
114
854
845
771
558
21
821
685
613
625
727
641
536
793
768
117
495
284
424
78
688
177
245
151
324
683
973
940
818
141
38
902
90
464
462
319
935
926
290
60
583
590
608
196
478
176
752
844
407
623
559
760
796
94
982
980
674
417
645
846
691
50
54
503
342
666
708
110
492
100
744
58
25
897
134
479
458
216
783
394
782
616
262
777
960
825
80
118
631
438
787
168
882
586
994
352
585
188
638
911
233
531
838
730
86
413
450
729
232
527
721
409
867
488
833
125
215
224
397
45
878
10
617
22
386
947
19
304
737
465
75
361
557
184
27
146
972
171
300
808
959
672
743
73
227
546
448
261
108
851
209
500
44
627
416
780
454
921
355
606
741
714
77
697
970
415
144
740
759
467
9
508
3
757
131
923
748
433
469
997
778
404
806
268
533
764
746
668
271
785
776
876
157
358
600
903
286
368
322
403
264
92
893
570
5
345
916
709
781
690
156
891
671
978
588
365
37
989
628
36
868
839
861
643
750
88
147
312
885
895
517
834
907
67
26
359
1
673
420
610
933
18
218
936
761
999
435
265
510
562
819
199
12
738
62
291
718
298
669
70
115
534
698
567
979
129
236
235
564
170
113
461
452
120
204
865
422
193
34
962
862
333
282
554
293
238
601
539
592
270
747
635
560
434
220
102
65
29
313
661
318
901
474
881
700
704
877
20
83
812
226
904
611
579
932
800
166
823
950
543
540
502
279
840
401
457
706
421
971
603
28
853
155
480
376
591
656
751
400
57
336
855
900
636
303
432
574
967
205
620
325
542
487
246
795
816
831
24
249
475
553
315
843
501
710
122
986
621
161
283
948
384
374
497
659
269
538
308
133
353
107
314
535
615
185
884
732
476
724
91
63
183
801
890
847
658
328
945
221
55
874
137
439
321
207
42
431
278
349
191
822
390
918
803
165
599
589
842
82
786
896
707
153
813
101
105
460
836
132
556
441
46
856
178
996
766
958
817
172
682
395
898
513
772
521
582
646
665
630
629
976
888
692
136
430
211
66
711
938
214
963
864
483
716
128
541
826
309
76
48
367
597
49
363
767
511
654
664
251
679
99
765
104
792
524
163
815
872
575
987
228
240
518
335
426
807
837
257
158
651
280
580
676
212
140
684
930
677
758
200
347
455
317
866
332
150
423
116
696
288
555
779
213
725
566
961
525
106
237
695
316
149
208
598
798
594
121
499
946
306
201
955
965
97
769
995
805
693
887
657
135
788
225
571
248
198
915
119
348
255
61
254
828
210
794
43
694
814
660
190
447
443
561
763
145
339
735
182
425
749
647
830
728
437
234
624
870
256
385
602
824
468
192
419
550
89
632
85
13
96
514
634
111
686
418
2
127
633
243
287
186
505
405
712
551
253
852
364
544
773
371
944
789
180
302
337
593
886
301
572
456
720
124
31
15
194
202
402
160
411
444
93
350
924
142
40
242
507
451
79
509
72
990
717
148
412
998
584
